0.838306	0
0.837234	0.0204
0.836756	0.0408
0.837023	0.0612
0.837919	0.0816
0.83935	0.102
0.879437	0.1224
0.904091	0.1428
0.916192	0.1632
0.918724	0.1836
0.921276	0.204
0.923994	0.2244
0.926926	0.2448
0.930141	0.2652
0.933666	0.2856
0.937441	0.306
0.941156	0.3264
0.944861	0.3468
0.948636	0.3672
0.952432	0.3876
0.956095	0.408
0.959882	0.4284
0.963597	0.4488
0.96708	0.4692
0.970146	0.4896
0.972844	0.51
0.975336	0.5304
0.977541	0.5508
0.979369	0.5712
0.980866	0.5916
0.98205	0.612
0.982649	0.6324
0.982897	0.6528
0.982827	0.6732
0.982207	0.6936
0.981182	0.714
0.979772	0.7344
0.977853	0.7548
0.975633	0.7752
0.973155	0.7956
0.970616	0.816
0.967563	0.8364
0.964269	0.8568
0.960797	0.8772
0.957739	0.8976
0.95465	0.918
0.951408	0.9384
0.947645	0.9588
0.942793	0.9792
0.936595	0.9996
0.928904	1.02
0.920328	1.0404
0.910474	1.0608
0.899641	1.0812
0.88815	1.1016
0.876832	1.122
0.866206	1.1424
0.857498	1.1628
0.851437	1.1832
0.848478	1.2036
0.848596	1.224
0.851682	1.2444
0.857742	1.2648
0.866022	1.2852
0.875565	1.3056
0.88541	1.326
0.895088	1.3464
0.903967	1.3668
0.911869	1.3872
0.918514	1.4076
0.924222	1.428
0.928833	1.4484
0.932213	1.4688
0.934874	1.4892
0.93733	1.5096
0.939862	1.53
0.942499	1.5504
0.945251	1.5708
0.947887	1.5912
0.950449	1.6116
0.952799	1.632
0.954993	1.6524
0.957284	1.6728
0.959468	1.6932
0.961427	1.7136
0.963232	1.734
0.964904	1.7544
0.96616	1.7748
0.967101	1.7952
0.967855	1.8156
0.969455	1.836
0.970455	1.8564
0.970848	1.8768
0.970741	1.8972
0.970142	1.9176
0.969235	1.938
0.968024	1.9584
0.966616	1.9788
0.96503	1.9992
0.963088	2.0196
0.959813	2.04
0.956624	2.0604
0.953485	2.0808
0.950474	2.1012
0.94765	2.1216
0.944857	2.142
0.942052	2.1624
0.939383	2.1828
0.936425	2.2032
0.928587	2.2236
0.909502	2.244
0.875871	2.2644
0.825151	2.2848
0.756756	2.3052
0.671675	2.3256
0.57258	2.346
0.463807	2.3664
0.350869	2.3868
0.240265	2.4072
0.142694	2.4276
0.069263	2.448
0.02667	2.4684
0.036452	2.4888
0.079924	2.5092
0.153114	2.5296
0.248533	2.55
0.355515	2.5704
0.467213	2.5908
0.577443	2.6112
0.68015	2.6316
0.770442	2.652
0.845097	2.6724
0.885002	2.6928
0.909742	2.7132
0.922052	2.7336
0.926733	2.754
0.930164	2.7744
0.933679	2.7948
0.9373	2.8152
0.940979	2.8356
0.944875	2.856
0.94878	2.8764
0.9528	2.8968
0.956579	2.9172
0.960308	2.9376
0.964064	2.958
0.967663	2.9784
0.971131	2.9988
0.974341	3.0192
0.977394	3.0396
0.980216	3.06
0.982779	3.0804
0.985118	3.1008
0.987191	3.1212
0.988968	3.1416
0.990326	3.162
0.991449	3.1824
0.992211	3.2028
0.992596	3.2232
0.992573	3.2436
0.99202	3.264
0.991164	3.2844
0.989943	3.3048
0.988273	3.3252
0.986346	3.3456
0.984192	3.366
0.981838	3.3864
0.97921	3.4068
0.976674	3.4272
0.974344	3.4476
0.972088	3.468
0.96973	3.4884
0.967291	3.5088
0.964829	3.5292
0.961965	3.5496
0.958753	3.57
0.954482	3.5904
0.94922	3.6108
0.942645	3.6312
0.934584	3.6516
0.925291	3.672
0.915138	3.6924
0.904373	3.7128
0.893665	3.7332
0.883942	3.7536
0.875725	3.774
0.869975	3.7944
0.867169	3.8148
0.8674	3.8352
0.870693	3.8556
0.876981	3.876
0.885401	3.8964
0.895274	3.9168
0.905833	3.9372
0.916213	3.9576
0.925901	3.978
0.934569	3.9984
0.941968	4.0188
0.947998	4.0392
0.952792	4.0596
0.956334	4.08
0.959151	4.1004
0.961647	4.1208
0.963857	4.1412
0.966246	4.1616
0.96871	4.182
0.971241	4.2024
0.973817	4.2228
0.976437	4.2432
0.978949	4.2636
0.981155	4.284
0.98323	4.3044
0.985076	4.3248
0.986773	4.3452
0.988164	4.3656
0.989259	4.386
0.989947	4.4064
0.990168	4.4268
0.989992	4.4472
0.989434	4.4676
0.988659	4.488
0.987559	4.5084
0.986142	4.5288
0.984524	4.5492
0.981981	4.5696
0.979275	4.59
0.976331	4.6104
0.973145	4.6308
0.969736	4.6512
0.965978	4.6716
0.962091	4.692
0.958058	4.7124
0.953969	4.7328
0.949841	4.7532
0.946162	4.7736
0.942476	4.794
0.938874	4.8144
0.935225	4.8348
0.931596	4.8552
0.928213	4.8756
0.925045	4.896
0.921614	4.9164
0.913234	4.9368
0.89395	4.9572
0.843317	4.9776
0.775355	4.998
0.690926	5.0184
0.592862	5.0388
0.485334	5.0592
0.373732	5.0796
0.264117	5.1
0.162976	5.1204
0.079896	5.1408
0.04162	5.1612
0.052588	5.1816
0.09697	5.202
0.170907	5.2224
0.266893	5.2428
0.374497	5.2632
0.486705	5.2836
0.597242	5.304
0.700164	5.3244
0.790573	5.3448
0.847491	5.3652
0.887273	5.3856
0.911609	5.406
0.923515	5.4264
0.927775	5.4468
0.930619	5.4672
0.933466	5.4876
0.936364	5.508
0.939395	5.5284
0.94264	5.5488
0.946067	5.5692
0.949489	5.5896
0.952802	5.61
0.956074	5.6304
0.959226	5.6508
0.962286	5.6712
0.965445	5.6916
0.968573	5.712
0.971585	5.7324
0.974396	5.7528
0.977084	5.7732
0.979444	5.7936
0.981733	5.814
0.983838	5.8344
0.98569	5.8548
0.987373	5.8752
0.988534	5.8956
0.989284	5.916
0.989662	5.9364
0.9896	5.9568
0.98928	5.9772
0.98888	5.9976
0.988092	6.018
0.986976	6.0384
0.985568	6.0588
0.983811	6.0792
0.981997	6.0996
0.980174	6.12
0.97826	6.1404
0.97626	6.1608
0.974043	6.1812
0.971608	6.2016
0.96896	6.222
0.966342	6.2424
0.963819	6.2628
0.96147	6.2832
0.958982	6.3036
0.955762	6.324
0.951542	6.3444
0.946223	6.3648
0.939779	6.3852
0.932295	6.4056
0.923678	6.426
0.913958	6.4464
0.903583	6.4668
0.893275	6.4872
0.88429	6.5076
0.877567	6.528
0.873484	6.5484
0.872325	6.5688
0.874124	6.5892
0.878505	6.6096
0.885442	6.63
0.894104	6.6504
0.903914	6.6708
0.913889	6.6912
0.92304	6.7116
0.931127	6.732
0.937961	6.7524
0.943621	6.7728
0.947962	6.7932
0.951389	6.8136
0.954004	6.834
0.956398	6.8544
0.958649	6.8748
0.96098	6.8952
0.96343	6.9156
0.965948	6.936
0.968672	6.9564
0.971207	6.9768
0.973674	6.9972
0.975952	7.0176
0.978201	7.038
0.980278	7.0584
0.982313	7.0788
0.984122	7.0992
0.985535	7.1196
0.986705	7.14
0.987318	7.1604
0.987798	7.1808
0.988075	7.2012
0.988057	7.2216
0.987617	7.242
0.986861	7.2624
0.985729	7.2828
0.98443	7.3032
0.983107	7.3236
0.981385	7.344
0.979514	7.3644
0.977283	7.3848
0.974839	7.4052
0.971594	7.4256
0.968149	7.446
0.964681	7.4664
0.96114	7.4868
0.957498	7.5072
0.9537	7.5276
0.950042	7.548
0.946485	7.5684
0.943047	7.5888
0.939385	7.6092
0.936279	7.6296
0.928164	7.65
0.908915	7.6704
0.874944	7.6908
0.82402	7.7112
0.755478	7.7316
0.670179	7.752
0.570915	7.7724
0.462028	7.7928
0.349271	7.8132
0.238811	7.8336
0.141606	7.854
0.06851	7.8744
0.026469	7.8948
0.019163	7.9152
0.047269	7.9356
0.108165	7.956
0.196001	7.9764
0.301496	7.9968
0.413043	8.0172
0.52293	8.0376
0.625152	8.058
0.714945	8.0784
0.788978	8.0988
0.845819	8.1192
0.885445	8.1396
0.909469	8.16
0.9211	8.1804
0.925252	8.2008
0.928042	8.2212
0.930927	8.2416
0.934077	8.262
0.937746	8.2824
0.941637	8.3028
0.9455	8.3232
0.949476	8.3436
0.953575	8.364
0.957608	8.3844
0.961612	8.4048
0.965612	8.4252
0.969548	8.4456
0.97324	8.466
0.976398	8.4864
0.979279	8.5068
0.981944	8.5272
0.984452	8.5476
0.986612	8.568
0.988457	8.5884
0.990058	8.6088
0.991308	8.6292
0.992144	8.6496
0.99269	8.67
0.992943	8.6904
0.992866	8.7108
0.992357	8.7312
0.991331	8.7516
0.990062	8.772
0.988538	8.7924
0.986712	8.8128
0.984732	8.8332
0.982738	8.8536
0.980629	8.874
0.978265	8.8944
0.975728	8.9148
0.973074	8.9352
0.970406	8.9556
0.967698	8.976
0.965121	8.9964
0.962618	9.0168
0.959971	9.0372
0.956719	9.0576
0.952315	9.078
0.946792	9.0984
0.940157	9.1188
0.932579	9.1392
0.923919	9.1596
0.914298	9.18
0.903993	9.2004
0.8935	9.2208
0.883658	9.2412
0.875518	9.2616
0.870028	9.282
0.8674	9.3024
0.867767	9.3228
0.871054	9.3432
0.877039	9.3636
0.88541	9.384
0.895478	9.4044
0.906017	9.4248
0.916395	9.4452
0.926067	9.4656
0.934625	9.486
0.942079	9.5064
0.948274	9.5268
0.953173	9.5472
0.956996	9.5676
0.960005	9.588
0.962417	9.6084
0.964904	9.6288
0.967551	9.6492
0.970203	9.6696
0.972888	9.69
0.975434	9.7104
0.977889	9.7308
0.980335	9.7512
0.982665	9.7716
0.984652	9.792
0.986346	9.8124
0.987949	9.8328
0.989115	9.8532
0.989871	9.8736
0.990237	9.894
0.990272	9.9144
0.989854	9.9348
0.988823	9.9552
0.987432	9.9756
0.985846	9.996
0.983931	10.0164
0.981594	10.0368
0.97899	10.0572
0.976197	10.0776
0.973152	10.098
0.969937	10.1184
0.966575	10.1388
0.963191	10.1592
0.959747	10.1796
0.955776	10.2
0.951451	10.2204
0.946891	10.2408
0.942463	10.2612
0.938025	10.2816
0.933667	10.302
0.929334	10.3224
0.925283	10.3428
0.921041	10.3632
0.911676	10.3836
0.891836	10.404
0.857801	10.4244
0.807388	10.4448
0.739559	10.4652
0.655294	10.4856
0.55738	10.506
0.450057	10.5264
0.3386	10.5468
0.229761	10.5672
0.134186	10.5876
0.062595	10.608
0.021965	10.6284
0.015882	10.6488
0.04503	10.6692
0.106857	10.6896
0.19561	10.71
0.302042	10.7304
0.414354	10.7508
0.524931	10.7712
0.627751	10.7916
0.718019	10.812
0.792282	10.8324
0.849179	10.8528
0.888808	10.8732
0.912838	10.8936
0.924266	10.914
0.92799	10.9344
0.9304	10.9548
0.932909	10.9752
0.935722	10.9956
0.938723	11.016
0.942162	11.0364
0.94561	11.0568
0.949092	11.0772
0.95258	11.0976
0.956071	11.118
0.959608	11.1384
0.963072	11.1588
0.966472	11.1792
0.969769	11.1996
0.972817	11.22
0.97559	11.2404
0.978283	11.2608
0.980665	11.2812
0.982871	11.3016
0.984855	11.322
0.986562	11.3424
0.988008	11.3628
0.988944	11.3832
0.989488	11.4036
0.98982	11.424
0.989798	11.4444
0.989188	11.4648
0.988306	11.4852
0.987076	11.5056
0.985521	11.526
0.983703	11.5464
0.981684	11.5668
0.979661	11.5872
0.977437	11.6076
0.974996	11.628
0.972489	11.6484
0.970088	11.6688
0.967705	11.6892
0.965292	11.7096
0.962884	11.73
0.960729	11.7504
0.958572	11.7708
0.95571	11.7912
0.951999	11.8116
0.947015	11.832
0.940699	11.8524
0.933169	11.8728
0.92438	11.8932
0.914683	11.9136
0.904354	11.934
0.894151	11.9544
0.885093	11.9748
0.87821	11.9952
0.873962	12.0156
0.87281	12.036
0.874722	12.0564
0.879469	12.0768
0.886793	12.0972
0.895762	12.1176
0.905736	12.138
0.915551	12.1584
0.924621	12.1788
0.932688	12.1992
0.939543	12.2196
0.945041	12.24
0.949198	12.2604
0.952229	12.2808
0.954277	12.3012
0.956151	12.3216
0.958223	12.342
0.960523	12.3624
0.96297	12.3828
0.965416	12.4032
0.96776	12.4236
0.970144	12.444
0.972578	12.4644
0.97494	12.4848
0.977284	12.5052
0.979395	12.5256
0.981212	12.546
0.982808	12.5664
0.984217	12.5868
0.985419	12.6072
0.986446	12.6276
0.987102	12.648
0.987381	12.6684
0.987498	12.6888
0.987374	12.7092
0.986978	12.7296
0.98626	12.75
0.985307	12.7704
0.983987	12.7908
0.982406	12.8112
0.980514	12.8316
0.978198	12.852
0.975642	12.8724
0.972826	12.8928
0.969884	12.9132
0.966824	12.9336
0.963709	12.954
0.960608	12.9744
0.957444	12.9948
0.954135	13.0152
0.950955	13.0356
0.948103	13.056
0.945501	13.0764
0.942734	13.0968
0.939897	13.1172
0.93695	13.1376
0.928809	13.158
0.909394	13.1784
0.875091	13.1988
0.823924	13.2192
0.754998	13.2396
0.669391	13.26
0.569825	13.2804
0.460878	13.3008
0.347875	13.3212
0.237345	13.3416
0.140222	13.362
0.067315	13.3824
0.025651	13.4028
0.018784	13.4232
0.047311	13.4436
0.108428	13.464
0.196291	13.4844
0.303019	13.5048
0.414333	13.5252
0.523861	13.5456
0.626058	13.566
0.715758	13.5864
0.78968	13.6068
0.846314	13.6272
0.885784	13.6476
0.909918	13.668
0.921916	13.6884
0.92553	13.7088
0.929368	13.7292
0.93341	13.7496
0.937233	13.77
0.941275	13.7904
0.945473	13.8108
0.949727	13.8312
0.954076	13.8516
0.958378	13.872
0.962422	13.8924
0.966049	13.9128
0.969538	13.9332
0.972949	13.9536
0.976105	13.974
0.978974	13.9944
0.981533	14.0148
0.983859	14.0352
0.985903	14.0556
0.987656	14.076
0.989189	14.0964
0.990453	14.1168
0.991386	14.1372
0.991853	14.1576
0.992034	14.178
0.991928	14.1984
0.99133	14.2188
0.990333	14.2392
0.988982	14.2596
0.987239	14.28
0.985108	14.3004
0.982743	14.3208
0.980248	14.3412
0.977634	14.3616
0.975008	14.382
0.972402	14.4024
0.969887	14.4228
0.967401	14.4432
0.964951	14.4636
0.962569	14.484
0.959577	14.5044
0.955655	14.5248
0.950346	14.5452
0.94356	14.5656
0.935293	14.586
0.92557	14.6064
0.915019	14.6268
0.903915	14.6472
0.893021	14.6676
0.882947	14.688
0.874665	14.7084
0.868821	14.7288
0.866073	14.7492
0.866541	14.7696
0.87014	14.79
0.877656	14.8104
0.886885	14.8308
0.897072	14.8512
0.907441	14.8716
0.917521	14.892
0.927081	14.9124
0.935569	14.9328
0.942743	14.9532
0.948629	14.9736
0.953222	14.994
0.955893	15.0144
0.958239	15.0348
0.960677	15.0552
0.963254	15.0756
0.965804	15.096
0.968372	15.1164
0.97091	15.1368
0.973489	15.1572
0.976098	15.1776
0.978603	15.198
0.980705	15.2184
0.982465	15.2388
0.984023	15.2592
0.98529	15.2796
0.986432	15.3
0.987181	15.3204
0.987703	15.3408
0.987795	15.3612
0.987408	15.3816
0.986739	15.402
0.985679	15.4224
0.984351	15.4428
0.982754	15.4632
0.980576	15.4836
0.977855	15.504
0.974799	15.5244
0.971165	15.5448
0.967334	15.5652
0.963325	15.5856
0.959317	15.606
0.955228	15.6264
0.951132	15.6468
0.946789	15.6672
0.942692	15.6876
0.938787	15.708
0.934948	15.7284
0.931279	15.7488
0.927612	15.7692
0.924	15.7896
0.920299	15.81
0.916308	15.8304
0.864099	15.8508
0.794913	15.8712
0.709431	15.8916
0.61035	15.912
0.502082	15.9324
0.390144	15.9528
0.280643	15.9732
0.17945	15.9936
0.091477	16.014
0.020337	16.0344
0.015398	16.0548
0.045519	16.0752
0.108111	16.0956
0.19727	16.116
0.303836	16.1364
0.416088	16.1568
0.526549	16.1772
0.629269	16.1976
0.719258	16.218
0.793333	16.2384
0.849953	16.2588
0.889299	16.2792
0.913166	16.2996
0.924655	16.32
0.928594	16.3404
0.931271	16.3608
0.933994	16.3812
0.936791	16.4016
0.939765	16.422
0.94295	16.4424
0.946313	16.4628
0.949706	16.4832
0.953062	16.5036
0.956488	16.524
0.959831	16.5444
0.963319	16.5648
0.966822	16.5852
0.970249	16.6056
0.973514	16.626
0.976591	16.6464
0.979451	16.6668
0.98204	16.6872
0.984399	16.7076
0.986513	16.728
0.988395	16.7484
0.989749	16.7688
0.990667	16.7892
0.991301	16.8096
0.991526	16.83
0.991429	16.8504
0.991141	16.8708
0.990592	16.8912
0.989686	16.9116
0.987941	16.932
0.985972	16.9524
0.98373	16.9728
0.981406	16.9932
0.978917	17.0136
0.976033	17.034
0.97309	17.0544
0.969944	17.0748
0.96685	17.0952
0.96363	17.1156
0.960778	17.136
0.957302	17.1564
0.952894	17.1768
0.947131	17.1972
0.940053	17.2176
0.932098	17.238
0.921792	17.2584
0.910809	17.2788
0.899768	17.2992
0.889543	17.3196
0.880548	17.34
0.873625	17.3604
0.869444	17.3808
0.868249	17.4012
0.870067	17.4216
0.875858	17.442
0.884657	17.4624
0.894606	17.4828
0.904831	17.5032
0.914725	17.5236
0.923773	17.544
0.931838	17.5644
0.938741	17.5848
0.944431	17.6052
0.948882	17.6256
0.951137	17.646
0.9531	17.6664
0.955165	17.6868
0.957351	17.7072
0.959692	17.7276
0.962332	17.748
0.965102	17.7684
0.967902	17.7888
0.970695	17.8092
0.973391	17.8296
0.975949	17.85
0.978471	17.8704
0.980786	17.8908
0.982959	17.9112
0.984825	17.9316
0.9863	17.952
0.987387	17.9724
0.988167	17.9928
0.988548	18.0132
0.988686	18.0336
0.988538	18.054
0.988117	18.0744
0.987391	18.0948
0.986378	18.1152
0.985109	18.1356
0.983534	18.156
0.981681	18.1764
0.979705	18.1968
0.977598	18.2172
0.975256	18.2376
0.972679	18.258
0.969874	18.2784
0.96683	18.2988
0.963671	18.3192
0.960639	18.3396
0.957742	18.36
0.95493	18.3804
0.952068	18.4008
0.949179	18.4212
0.946438	18.4416
0.943861	18.462
0.941418	18.4824
0.939265	18.5028
0.936963	18.5232
0.929322	18.5436
0.910282	18.564
0.876177	18.5844
0.82494	18.6048
0.756107	18.6252
0.670616	18.6456
0.561478	18.666
0.448235	18.6864
0.33723	18.7068
0.234739	18.7272
0.166739	18.7476
0.127833	18.768
0.121611	18.7884
0.148425	18.8088
0.205681	18.8292
0.287528	18.8496
0.394803	18.87
0.5066	18.8904
0.616463	18.9108
0.718441	18.9312
0.791749	18.9516
0.84785	18.972
0.886784	18.9924
0.910266	19.0128
0.92159	19.0332
0.925536	19.0536
0.928271	19.074
0.931128	19.0944
0.934228	19.1148
0.937668	19.1352
0.941186	19.1556
0.944903	19.176
0.948777	19.1964
0.95277	19.2168
0.956721	19.2372
0.960843	19.2576
0.964928	19.278
0.968871	19.2984
0.972728	19.3188
0.976296	19.3392
0.979584	19.3596
0.982607	19.38
0.985226	19.4004
0.987565	19.4208
0.989715	19.4412
0.991367	19.4616
0.992705	19.482
0.993707	19.5024
0.994298	19.5228
0.994563	19.5432
0.994646	19.5636
0.994253	19.584
0.993582	19.6044
0.992686	19.6248
0.991282	19.6452
0.989546	19.6656
0.987293	19.686
0.984821	19.7064
0.98216	19.7268
0.979511	19.7472
0.976746	19.7676
0.97406	19.788
0.971084	19.8084
0.967736	19.8288
0.964269	19.8492
0.960368	19.8696
0.955726	19.89
0.949946	19.9104
0.942802	19.9308
0.934053	19.9512
0.924093	19.9716
0.91308	19.992
0.901936	20.0124
0.891264	20.0328
0.88142	20.0532
0.873283	20.0736
0.867738	20.094
0.865259	20.1144
0.866016	20.1348
0.869948	20.1552
0.876657	20.1756
0.885542	20.196
0.895561	20.2164
0.905622	20.2368
0.91535	20.2572
0.924365	20.2776
0.932382	20.298
0.939241	20.3184
0.944735	20.3388
0.948916	20.3592
0.952084	20.3796
0.954536	20.4
0.956771	20.4204
0.959359	20.4408
0.962384	20.4612
0.96534	20.4816
0.968255	20.502
0.970973	20.5224
0.973832	20.5428
0.976731	20.5632
0.979415	20.5836
0.982029	20.604
0.984419	20.6244
0.986514	20.6448
0.988159	20.6652
0.989697	20.6856
0.990874	20.706
0.991773	20.7264
0.99218	20.7468
0.992209	20.7672
0.991825	20.7876
0.991078	20.808
0.990114	20.8284
0.988835	20.8488
0.987365	20.8692
0.985458	20.8896
0.983305	20.91
0.980782	20.9304
0.977986	20.9508
0.97502	20.9712
0.97194	20.9916
0.968767	21.012
0.965416	21.0324
0.96206	21.0528
0.958631	21.0732
0.955394	21.0936
0.952204	21.114
0.949154	21.1344
0.946287	21.1548
0.943356	21.1752
0.940651	21.1956
0.938086	21.216
0.935317	21.2364
0.927257	21.2568
0.907953	21.2772
0.873561	21.2976
0.822076	21.318
0.752991	21.3384
0.667305	21.3588
0.56789	21.3792
0.459033	21.3996
0.346177	21.42
0.236058	21.4404
0.139443	21.4608
0.083234	21.4812
0.077223	21.5016
0.10423	21.522
0.161559	21.5424
0.243339	21.5628
0.340769	21.5832
0.448265	21.6036
0.560165	21.624
0.670448	21.6444
0.773089	21.6648
0.847093	21.6852
0.886523	21.7056
0.910648	21.726
0.922642	21.7464
0.927368	21.7668
0.930981	21.7872
0.934572	21.8076
0.938355	21.828
0.942	21.8484
0.945661	21.8688
0.949553	21.8892
0.953318	21.9096
0.957376	21.93
0.961336	21.9504
0.965231	21.9708
0.968897	21.9912
0.972324	22.0116
0.975472	22.032
0.978382	22.0524
0.981129	22.0728
0.983532	22.0932
0.985763	22.1136
0.987375	22.134
0.988659	22.1544
0.9896	22.1748
0.990297	22.1952
0.990575	22.2156
0.990643	22.236
0.990332	22.2564
0.989567	22.2768
0.988426	22.2972
0.986971	22.3176
0.98512	22.338
0.983127	22.3584
0.980954	22.3788
0.978649	22.3992
0.976365	22.4196
0.973926	22.44
0.971461	22.4604
0.96894	22.4808
0.966457	22.5012
0.964151	22.5216
0.962053	22.542
0.959926	22.5624
0.9577	22.5828
0.954692	22.6032
0.95058	22.6236
0.943815	22.644
0.935934	22.6644
0.92702	22.6848
0.917035	22.7052
0.906261	22.7256
0.895462	22.746
0.885481	22.7664
0.876749	22.7868
0.870434	22.8072
0.866885	22.8276
0.867699	22.848
0.871221	22.8684
0.877399	22.8888
0.885995	22.9092
0.896052	22.9296
0.906468	22.95
0.916644	22.9704
0.926156	22.9908
0.934536	23.0112
0.941769	23.0316
0.947683	23.052
0.952556	23.0724
0.956578	23.0928
0.959692	23.1132
0.96238	23.1336
0.965212	23.154
0.968067	23.1744
0.970936	23.1948
0.973743	23.2152
0.976359	23.2356
0.978852	23.256
0.98121	23.2764
0.983235	23.2968
0.985153	23.3172
0.986887	23.3376
0.988229	23.358
0.989132	23.3784
0.989626	23.3988
0.989754	23.4192
0.989758	23.4396
0.989614	23.46
0.989178	23.4804
0.988301	23.5008
0.986918	23.5212
0.985228	23.5416
0.983237	23.562
0.981132	23.5824
0.978969	23.6028
0.976642	23.6232
0.973759	23.6436
0.97049	23.664
0.966864	23.6844
0.963325	23.7048
0.959742	23.7252
0.956158	23.7456
0.952697	23.766
0.949159	23.7864
0.94541	23.8068
0.941586	23.8272
0.937872	23.8476
0.934412	23.868
0.931173	23.8884
0.927975	23.9088
0.924985	23.9292
0.921732	23.9496
0.912923	23.97
0.892852	23.9904
0.858133	24.0108
0.806759	24.0312
0.7382	24.0516
0.639382	24.072
0.531362	24.0924
0.419357	24.1128
0.309826	24.1332
0.208889	24.1536
0.126638	24.174
0.072027	24.1944
0.049837	24.2148
0.062007	24.2352
0.107334	24.2556
0.203229	24.276
0.31007	24.2964
0.421303	24.3168
0.530583	24.3372
0.632114	24.3576
0.721014	24.378
0.794091	24.3984
0.850105	24.4188
0.88909	24.4392
0.912875	24.4596
0.916939	24.48
0.919909	24.5004
0.923112	24.5208
0.926439	24.5412
0.929913	24.5616
0.933558	24.582
0.937376	24.6024
0.941219	24.6228
0.945137	24.6432
0.949053	24.6636
0.953153	24.684
0.957086	24.7044
0.960886	24.7248
0.964581	24.7452
0.968087	24.7656
0.971431	24.786
0.97458	24.8064
0.977582	24.8268
0.98062	24.8472
0.983368	24.8676
0.985559	24.888
0.987504	24.9084
0.989076	24.9288
0.990335	24.9492
0.991265	24.9696
0.991814	24.99
0.992088	25.0104
0.991955	25.0308
0.991158	25.0512
0.990119	25.0716
0.988855	25.092
0.987298	25.1124
0.985618	25.1328
0.983799	25.1532
0.981919	25.1736
0.979869	25.194
0.977521	25.2144
0.975036	25.2348
0.972523	25.2552
0.969956	25.2756
0.967508	25.296
0.965119	25.3164
0.962467	25.3368
0.958919	25.3572
0.954241	25.3776
0.948313	25.398
0.94134	25.4184
0.933153	25.4388
0.92378	25.4592
0.913453	25.4796
0.90241	25.5
0.891441	25.5204
0.88133	25.5408
0.873172	25.5612
0.867663	25.5816
0.865149	25.602
0.865661	25.6224
0.870697	25.6428
0.878282	25.6632
0.887631	25.6836
0.897979	25.704
0.908649	25.7244
0.919025	25.7448
0.928723	25.7652
0.937314	25.7856
0.944651	25.806
0.950637	25.8264
0.953921	25.8468
0.956428	25.8672
0.95864	25.8876
0.960781	25.908
0.963182	25.9284
0.965739	25.9488
0.968404	25.9692
0.971041	25.9896
0.973698	26.01
0.976271	26.0304
0.978784	26.0508
0.981045	26.0712
0.98316	26.0916
0.985182	26.112
0.986817	26.1324
0.98809	26.1528
0.989111	26.1732
0.989785	26.1936
0.990158	26.214
0.990207	26.2344
0.989777	26.2548
0.989173	26.2752
0.988183	26.2956
0.986884	26.316
0.98522	26.3364
0.983304	26.3568
0.980975	26.3772
0.978396	26.3976
0.975625	26.418
0.972674	26.4384
0.969619	26.4588
0.966213	26.4792
0.962751	26.4996
0.959287	26.52
0.955774	26.5404
0.952148	26.5608
0.948434	26.5812
0.944815	26.6016
0.941097	26.622
0.937386	26.6424
0.933934	26.6628
0.930688	26.6832
0.927597	26.7036
0.92449	26.724
0.921013	26.7444
0.912307	26.7648
0.892505	26.7852
0.857938	26.8056
0.806531	26.826
0.737798	26.8464
0.652594	26.8668
0.553891	26.8872
0.445872	26.9076
0.334222	26.928
0.225611	26.9484
0.130778	26.9688
0.060296	26.9892
0.020872	27.0096
0.016117	27.03
0.046336	27.0504
0.108676	27.0708
0.197061	27.0912
0.30243	27.1116
0.41335	27.132
0.522458	27.1524
0.624295	27.1728
0.713665	27.1932
0.787325	27.2136
0.843964	27.234
0.883616	27.2544
0.908113	27.2748
0.921085	27.2952
0.927025	27.3156
0.931797	27.336
0.936506	27.3564
0.94077	27.3768
0.945068	27.3972
0.949474	27.4176
0.953729	27.438
0.957888	27.4584
0.961972	27.4788
0.965663	27.4992
0.969103	27.5196
0.972334	27.54
0.975421	27.5604
0.978396	27.5808
0.981102	27.6012
0.983488	27.6216
0.985656	27.642
0.987586	27.6624
0.989144	27.6828
0.990326	27.7032
0.991156	27.7236
0.991632	27.744
0.991712	27.7644
0.991346	27.7848
0.990571	27.8052
0.989475	27.8256
0.988216	27.846
0.986706	27.8664
0.985105	27.8868
0.983033	27.9072
0.980789	27.9276
0.978453	27.948
0.975956	27.9684
0.973427	27.9888
0.970889	28.0092
0.96834	28.0296
0.96565	28.05
0.962889	28.0704
0.959917	28.0908
0.956384	28.1112
0.95204	28.1316
0.946527	28.152
0.93988	28.1724
0.931967	28.1928
0.922925	28.2132
0.912987	28.2336
0.90254	28.254
0.892347	28.2744
0.882908	28.2948
0.87535	28.3152
0.870213	28.3356
0.867932	28.356
0.868717	28.3764
0.872538	28.3968
0.879113	28.4172
0.887876	28.4376
0.897892	28.458
0.907987	28.4784
0.917971	28.4988
0.927389	28.5192
0.935745	28.5396
0.942872	28.56
0.948639	28.5804
0.953158	28.6008
0.956548	28.6212
0.959106	28.6416
0.961445	28.662
0.964055	28.6824
0.966624	28.7028
0.969203	28.7232
0.971681	28.7436
0.97415	28.764
0.97656	28.7844
0.978977	28.8048
0.981409	28.8252
0.983652	28.8456
0.985738	28.866
0.987543	28.8864
0.989118	28.9068
0.990444	28.9272
0.991471	28.9476
0.992127	28.968
0.992512	28.9884
0.992327	29.0088
0.991646	29.0292
0.990659	29.0496
0.989188	29.07
0.987462	29.0904
0.98518	29.1108
0.982508	29.1312
0.979599	29.1516
0.976388	29.172
0.972831	29.1924
0.969047	29.2128
0.965203	29.2332
0.961143	29.2536
0.957107	29.274
0.952807	29.2944
0.94882	29.3148
0.944773	29.3352
0.940923	29.3556
0.937263	29.376
0.933669	29.3964
0.930172	29.4168
0.926783	29.4372
0.923553	29.4576
0.920024	29.478
0.911112	29.4984
0.890925	29.5188
0.856187	29.5392
0.787003	29.5596
0.701514	29.58
0.602639	29.6004
0.494717	29.6208
0.383109	29.6412
0.274183	29.6616
0.174088	29.682
0.092846	29.7024
0.03929	29.7228
0.018317	29.7432
0.049431	29.7636
0.125378	29.784
0.222515	29.8044
0.330495	29.8248
0.442573	29.8452
0.552514	29.8656
0.654487	29.886
0.743728	29.9064
0.817054	29.9268
0.873074	29.9472
0.911963	29.9676
0.923239	29.988
0.927357	30.0084
0.930413	30.0288
0.933656	30.0492
0.937113	30.0696
0.940669	30.09
0.944342	30.1104
0.948145	30.1308
0.951955	30.1512
0.955769	30.1716
0.959341	30.192
0.962818	30.2124
0.966214	30.2328
0.96958	30.2532
0.972708	30.2736
0.975716	30.294
0.978589	30.3144
0.981104	30.3348
0.983326	30.3552
0.985207	30.3756
0.986674	30.396
0.987886	30.4164
0.988734	30.4368
0.989079	30.4572
0.989169	30.4776
0.988901	30.498
0.988114	30.5184
0.987016	30.5388
0.985622	30.5592
0.984042	30.5796
0.982224	30.6
0.980161	30.6204
0.978019	30.6408
0.975888	30.6612
0.973499	30.6816
0.971	30.702
0.968466	30.7224
0.965968	30.7428
0.963496	30.7632
0.960993	30.7836
0.958396	30.804
0.956085	30.8244
0.953535	30.8448
0.950162	30.8652
0.945886	30.8856
0.940502	30.906
0.933962	30.9264
0.926203	30.9468
0.917272	30.9672
0.907395	30.9876
0.897026	31.008
0.886538	31.0284
0.876869	31.0488
0.871971	31.0692
0.869836	31.0896
0.871956	31.11
0.876767	31.1304
0.8836	31.1508
0.892011	31.1712
0.901796	31.1916
0.912633	31.212
0.923785	31.2324
0.934799	31.2528
0.942321	31.2732
0.948556	31.2936
0.952069	31.314
0.954656	31.3344
0.956927	31.3548
0.959295	31.3752
0.961769	31.3956
0.964573	31.416
0.967417	31.4364
0.970143	31.4568
0.972747	31.4772
0.975257	31.4976
0.977694	31.518
0.98009	31.5384
0.98226	31.5588
0.98414	31.5792
0.98567	31.5996
0.986548	31.62
0.987117	31.6404
0.987471	31.6608
0.987514	31.6812
0.987285	31.7016
0.986682	31.722
0.985553	31.7424
0.984086	31.7628
0.982504	31.7832
0.980738	31.8036
0.978749	31.824
0.976381	31.8444
0.973548	31.8648
0.970413	31.8852
0.967119	31.9056
0.963706	31.926
0.960292	31.9464
0.956912	31.9668
0.953343	31.9872
0.949722	32.0076
0.946192	32.028
0.942746	32.0484
0.93953	32.0688
0.936607	32.0892
0.933634	32.1096
0.930724	32.13
0.927936	32.1504
0.924756	32.1708
0.915989	32.1912
0.895926	32.2116
0.860958	32.232
0.809152	32.2524
0.739978	32.2728
0.640614	32.2932
0.53224	32.3136
0.42031	32.334
0.31092	32.3544
0.210392	32.3748
0.128771	32.3952
0.074917	32.4156
0.053809	32.436
0.067197	32.4564
0.113765	32.4768
0.202982	32.4972
0.308943	32.5176
0.420166	32.538
0.529232	32.5584
0.630478	32.5788
0.719027	32.5992
0.791688	32.6196
0.846992	32.64
0.885273	32.6604
0.908342	32.6808
0.919465	32.7012
0.923409	32.7216
0.926342	32.742
0.929405	32.7624
0.933209	32.7828
0.937107	32.8032
0.941066	32.8236
0.945089	32.844
0.949113	32.8644
0.953069	32.8848
0.956833	32.9052
0.960601	32.9256
0.964155	32.946
0.967603	32.9664
0.970093	32.9868
0.972334	33.0072
0.974337	33.0276
0.976168	33.048
0.977806	33.0684
0.979261	33.0888
0.980474	33.1092
0.981414	33.1296
0.982079	33.15
0.982436	33.1704
0.98246	33.1908
0.982138	33.2112
0.981404	33.2316
0.980291	33.252
0.978757	33.2724
0.976861	33.2928
0.974595	33.3132
0.972211	33.3336
0.969717	33.354
0.967046	33.3744
0.964253	33.3948
0.96147	33.4152
0.95886	33.4356
0.956151	33.456
0.95362	33.4764
0.951084	33.4968
0.948517	33.5172
0.945096	33.5376
0.940509	33.558
0.934835	33.5784
0.927897	33.5988
0.919747	33.6192
0.910283	33.6396
0.900148	33.66
0.889309	33.6804
0.878633	33.7008
0.868951	33.7212
0.861203	33.7416
0.85612	33.762
0.853894	33.7824
0.854775	33.8028
0.858554	33.8232
0.865166	33.8436
0.873818	33.864
0.883953	33.8844
0.894409	33.9048
0.904409	33.9252
0.913719	33.9456
0.922014	33.966
0.92901	33.9864
0.934813	34.0068
0.939307	34.0272
0.942719	34.0476
0.945311	34.068
0.947433	34.0884
0.949581	34.1088
0.951894	34.1292
0.954108	34.1496
0.954883	34.17
0.955225	34.1904
0.955008	34.2108
0.953866	34.2312
0.946412	34.2516
0.92679	34.272
0.891505	34.2924
0.838423	34.3128
0.750208	34.3332
0.647893	34.3536
0.537268	34.374
0.422918	34.3944
0.311222	34.4148
0.22148	34.4352
0.153937	34.4556
0.115836	34.476
0.110593	34.4964
0.138382	34.5168
0.213234	34.5372
0.309526	34.5576
0.416613	34.578
0.527929	34.5984
0.637012	34.6188
0.725131	34.6392
0.797315	34.6596
0.852334	34.68
0.890276	34.7004
0.913461	34.7208
0.92477	34.7412
0.928934	34.7616
0.932034	34.782
0.93557	34.8024
0.939242	34.8228
0.943052	34.8432
0.946982	34.8636
0.950925	34.884
0.9549	34.9044
0.958533	34.9248
0.962127	34.9452
0.965621	34.9656
0.969266	34.986
0.972423	35.0064
0.975417	35.0268
0.978203	35.0472
0.980786	35.0676
0.98307	35.088
0.985036	35.1084
0.986532	35.1288
0.987705	35.1492
0.988659	35.1696
0.989228	35.19
0.989385	35.2104
0.989031	35.2308
0.988236	35.2512
0.986991	35.2716
0.985477	35.292
0.983791	35.3124
0.982019	35.3328
0.979739	35.3532
0.97711	35.3736
0.974275	35.394
0.971358	35.4144
0.96851	35.4348
0.965693	35.4552
0.962976	35.4756
0.960266	35.496
0.957496	35.5164
0.954507	35.5368
0.951016	35.5572
0.946725	35.5776
0.941151	35.598
0.934284	35.6184
0.926127	35.6388
0.916769	35.6592
0.906391	35.6796
0.895517	35.7
0.886289	35.7204
0.878778	35.7408
0.873908	35.7612
0.871767	35.7816
0.872717	35.802
0.876615	35.8224
0.883171	35.8428
0.891771	35.8632
0.901742	35.8836
0.912366	35.904
0.921779	35.9244
0.930195	35.9448
0.937182	35.9652
0.94285	35.9856
0.947213	36.006
0.950755	36.0264
0.953492	36.0468
0.955859	36.0672
0.958221	36.0876
0.960987	36.108
0.963906	36.1284
0.966772	36.1488
0.969854	36.1692
0.972974	36.1896
0.975901	36.21
0.978424	36.2304
0.980714	36.2508
0.983007	36.2712
0.985143	36.2916
0.987092	36.312
0.98851	36.3324
0.989469	36.3528
0.989867	36.3732
0.989806	36.3936
0.989351	36.414
0.98855	36.4344
0.987594	36.4548
0.986287	36.4752
0.984853	36.4956
0.983062	36.516
0.981207	36.5364
0.979332	36.5568
0.977346	36.5772
0.975068	36.5976
0.972691	36.618
0.970047	36.6384
0.967176	36.6588
0.964202	36.6792
0.961075	36.6996
0.957853	36.72
0.954702	36.7404
0.951703	36.7608
0.948826	36.7812
0.946272	36.8016
0.944009	36.822
0.942161	36.8424
0.940432	36.8628
0.93829	36.8832
0.930408	36.9036
0.910896	36.924
0.876082	36.9444
0.823913	36.9648
0.754032	36.9852
0.667534	37.0056
0.567333	37.026
0.45782	37.0464
0.344647	37.0668
0.234471	37.0872
0.138597	37.1076
0.067592	37.128
0.028248	37.1484
0.02385	37.1688
0.054612	37.1892
0.117385	37.2096
0.206061	37.23
0.311242	37.2504
0.421584	37.2708
0.529735	37.2912
0.62985	37.3116
0.717255	37.332
0.788727	37.3524
0.842979	37.3728
0.880183	37.3932
0.902416	37.4136
0.912923	37.434
0.916538	37.4544
0.919201	37.4748
0.922022	37.4952
0.925058	37.5156
0.928092	37.536
0.931249	37.5564
0.93447	37.5768
0.937752	37.5972
0.941127	37.6176
0.944478	37.638
0.947951	37.6584
0.951377	37.6788
0.954696	37.6992
0.957807	37.7196
0.960956	37.74
0.963949	37.7604
0.966656	37.7808
0.969216	37.8012
0.971417	37.8216
0.973414	37.842
0.974984	37.8624
0.976192	37.8828
0.977105	37.9032
0.977645	37.9236
0.977818	37.944
0.977575	37.9644
0.97713	37.9848
0.976289	38.0052
0.975222	38.0256
0.97371	38.046
0.971995	38.0664
0.970056	38.0868
0.967893	38.1072
0.965586	38.1276
0.963171	38.148
0.960734	38.1684
0.958219	38.1888
0.955698	38.2092
0.953024	38.2296
0.950368	38.25
0.947822	38.2704
0.945231	38.2908
0.942461	38.3112
0.939046	38.3316
0.934597	38.352
0.928887	38.3724
0.921924	38.3928
0.913714	38.4132
0.904431	38.4336
0.894244	38.454
0.883319	38.4744
0.872508	38.4948
0.862707	38.5152
0.854871	38.5356
0.849697	38.556
0.84766	38.5764
0.848625	38.5968
0.852605	38.6172
0.859407	38.6376
0.868838	38.658
0.879309	38.6784
0.890227	38.6988
0.900805	38.7192
0.910778	38.7396
0.919519	38.76
0.92669	38.7804
0.932584	38.8008
0.937338	38.8212
0.940951	38.8416
0.943486	38.862
0.94611	38.8824
0.948641	38.9028
0.951209	38.9232
0.953572	38.9436
0.956003	38.964
0.958534	38.9844
0.960901	39.0048
0.963003	39.0252
0.96489	39.0456
0.966414	39.066
0.967557	39.0864
0.968409	39.1068
0.969059	39.1272
0.969472	39.1476
0.971193	39.168
0.972329	39.1884
0.973203	39.2088
0.973578	39.2292
0.973476	39.2496
0.972918	39.27
0.972116	39.2904
0.97113	39.3108
0.969603	39.3312
0.967821	39.3516
0.964247	39.372
0.960741	39.3924
0.957194	39.4128
0.953729	39.4332
0.950382	39.4536
0.947027	39.474
0.943763	39.4944
0.940686	39.5148
0.937772	39.5352
0.934801	39.5556
0.931749	39.576
0.922224	39.5964
0.901263	39.6168
0.865402	39.6372
0.812674	39.6576
0.742808	39.678
0.656647	39.6984
0.556961	39.7188
0.448484	39.7392
0.336535	39.7596
0.227514	39.78
0.133595	39.8004
0.064367	39.8208
0.026636	39.8412
0.023575	39.8616
0.055527	39.882
0.119517	39.9024
0.209526	39.9228
0.315967	39.9432
0.427594	39.9636
0.536773	39.984
0.637877	40.0044
0.726192	40.0248
0.798502	40.0452
0.853577	40.0656
0.891461	40.086
0.914073	40.1064
0.92459	40.1268
0.928233	40.1472
0.930829	40.1676
0.933597	40.188
0.936619	40.2084
0.939749	40.2288
0.943003	40.2492
0.946331	40.2696
0.949799	40.29
0.953447	40.3104
0.957207	40.3308
0.960848	40.3512
0.964316	40.3716
0.96766	40.392
0.970706	40.4124
0.973526	40.4328
0.976139	40.4532
0.978505	40.4736
0.980639	40.494
0.982499	40.5144
0.98405	40.5348
0.985325	40.5552
0.986292	40.5756
0.986948	40.596
0.987388	40.6164
0.987514	40.6368
0.98729	40.6572
0.986812	40.6776
0.98607	40.698
0.984962	40.7184
0.983584	40.7388
0.981928	40.7592
0.980091	40.7796
0.97813	40.8
0.975975	40.8204
0.973863	40.8408
0.971659	40.8612
0.969532	40.8816
0.967111	40.902
0.964726	40.9224
0.962213	40.9428
0.959863	40.9632
0.957205	40.9836
0.953801	41.004
0.949293	41.0244
0.943497	41.0448
0.936403	41.0652
0.926526	41.0856
0.915932	41.106
0.90481	41.1264
0.893851	41.1468
0.883585	41.1672
0.87508	41.1876
0.870475	41.208
0.86884	41.2284
0.870163	41.2488
0.874333	41.2692
0.882338	41.2896
0.891999	41.31
0.902458	41.3304
0.913359	41.3508
0.923903	41.3712
0.933482	41.3916
0.940355	41.412
0.945811	41.4324
0.950045	41.4528
0.953259	41.4732
0.955736	41.4936
0.95789	41.514
0.960581	41.5344
0.963213	41.5548
0.965875	41.5752
0.968565	41.5956
0.971159	41.616
0.973909	41.6364
0.976522	41.6568
0.97898	41.6772
0.981235	41.6976
0.983366	41.718
0.98487	41.7384
0.986246	41.7588
0.987278	41.7792
0.987984	41.7996
0.988333	41.82
0.988125	41.8404
0.98771	41.8608
0.986998	41.8812
0.986129	41.9016
0.984665	41.922
0.982953	41.9424
0.980708	41.9628
0.978231	41.9832
0.975453	42.0036
0.97258	42.024
0.9696	42.0444
0.966385	42.0648
0.963042	42.0852
0.959539	42.1056
0.956116	42.126
0.952573	42.1464
0.949218	42.1668
0.945861	42.1872
0.942616	42.2076
0.939369	42.228
0.936169	42.2484
0.933053	42.2688
0.930153	42.2892
0.927311	42.3096
0.924108	42.33
0.915232	42.3504
0.894921	42.3708
0.859743	42.3912
0.807655	42.4116
0.738308	42.432
0.652626	42.4524
0.553535	42.4728
0.445488	42.4932
0.333924	42.5136
0.225777	42.534
0.132034	42.5544
0.063002	42.5748
0.02533	42.5952
0.022327	42.6156
0.054123	42.636
0.118032	42.6564
0.207796	42.6768
0.31372	42.6972
0.424943	42.7176
0.533716	42.738
0.634358	42.7584
0.722254	42.7788
0.794271	42.7992
0.849175	42.8196
0.887156	42.84
0.909968	42.8604
0.920911	42.8808
0.925121	42.9012
0.928115	42.9216
0.931413	42.942
0.935014	42.9624
0.938798	42.9828
0.942636	43.0032
0.946579	43.0236
0.950661	43.044
0.954667	43.0644
0.958608	43.0848
0.962446	43.1052
0.966264	43.1256
0.969894	43.146
0.973248	43.1664
0.976334	43.1868
0.97923	43.2072
0.981776	43.2276
0.984036	43.248
0.986096	43.2684
0.987913	43.2888
0.989463	43.3092
0.990591	43.3296
0.991466	43.35
0.992026	43.3704
0.992272	43.3908
0.992116	43.4112
0.991566	43.4316
0.990632	43.452
0.9893	43.4724
0.987536	43.4928
0.985555	43.5132
0.983431	43.5336
0.98107	43.554
0.978547	43.5744
0.975956	43.5948
0.973263	43.6152
0.97057	43.6356
0.967792	43.656
0.965174	43.6764
0.962598	43.6968
0.960228	43.7172
0.95782	43.7376
0.954639	43.758
0.950366	43.7784
0.944891	43.7988
0.938197	43.8192
0.930198	43.8396
0.921014	43.86
0.910869	43.8804
0.900397	43.9008
0.889784	43.9212
0.880067	43.9416
0.872392	43.962
0.867448	43.9824
0.865467	44.0028
0.866512	44.0232
0.870637	44.0436
0.877528	44.064
0.886698	44.0844
0.897328	44.1048
0.908403	44.1252
0.919138	44.1456
0.92901	44.166
0.937739	44.1864
0.945212	44.2068
0.951455	44.2272
0.956462	44.2476
0.960347	44.268
0.96353	44.2884
0.966217	44.3088
0.968884	44.3292
0.971596	44.3496
0.97426	44.37
0.976936	44.3904
0.979553	44.4108
0.982086	44.4312
0.984439	44.4516
0.986683	44.472
0.988537	44.4924
0.989988	44.5128
0.991203	44.5332
0.992017	44.5536
0.992624	44.574
0.992631	44.5944
0.992014	44.6148
0.990941	44.6352
0.989514	44.6556
0.987721	44.676
0.98562	44.6964
0.983364	44.7168
0.980658	44.7372
0.977287	44.7576
0.973528	44.778
0.96978	44.7984
0.966016	44.8188
0.962338	44.8392
0.958633	44.8596
0.954853	44.88
0.950973	44.9004
0.94692	44.9208
0.943069	44.9412
0.939653	44.9616
0.936297	44.982
0.93295	45.0024
0.9297	45.0228
0.926387	45.0432
0.922661	45.0636
0.913123	45.084
0.892139	45.1044
0.856622	45.1248
0.804139	45.1452
0.734337	45.1656
0.648512	45.186
0.549453	45.2064
0.441704	45.2268
0.330695	45.2472
0.223093	45.2676
0.130065	45.288
0.061938	45.3084
0.025044	45.3288
0.022956	45.3492
0.055779	45.3696
0.120515	45.39
0.211061	45.4104
0.317803	45.4308
0.429267	45.4512
0.538343	45.4716
0.639327	45.492
0.727451	45.5124
0.799557	45.5328
0.854224	45.5532
0.891837	45.5736
0.914228	45.594
0.924667	45.6144
0.928257	45.6348
0.931079	45.6552
0.934066	45.6756
0.937195	45.696
0.9405	45.7164
0.943918	45.7368
0.947518	45.7572
0.951246	45.7776
0.955009	45.798
0.958819	45.8184
0.962539	45.8388
0.966138	45.8592
0.969454	45.8796
0.972694	45.9
0.97565	45.9204
0.978475	45.9408
0.981086	45.9612
0.983497	45.9816
0.985771	46.002
0.987847	46.0224
0.989601	46.0428
0.990906	46.0632
0.991942	46.0836
0.991889	46.104
0.991514	46.1244
0.990485	46.1448
0.988981	46.1652
0.987043	46.1856
0.984812	46.206
0.982248	46.2264
0.979613	46.2468
0.976832	46.2672
0.973867	46.2876
0.971392	46.308
0.968778	46.3284
0.966441	46.3488
0.964184	46.3692
0.961941	46.3896
0.959223	46.41
0.955645	46.4304
0.951068	46.4508
0.945398	46.4712
0.938444	46.4916
0.930193	46.512
0.92089	46.5324
0.910496	46.5528
0.899745	46.5732
0.889635	46.5936
0.881155	46.614
0.875118	46.6344
0.871595	46.6548
0.871014	46.6752
0.873522	46.6956
0.878939	46.716
0.886725	46.7364
0.896233	46.7568
0.906414	46.7772
0.916312	46.7976
0.925338	46.818
0.933202	46.8384
0.939959	46.8588
0.945401	46.8792
0.949605	46.8996
0.952715	46.92
0.955149	46.9404
0.957288	46.9608
0.95964	46.9812
0.962255	47.0016
0.964981	47.022
0.967742	47.0424
0.970451	47.0628
0.973004	47.0832
0.975416	47.1036
0.977667	47.124
0.979915	47.1444
0.982031	47.1648
0.983911	47.1852
0.985429	47.2056
0.986637	47.226
0.987512	47.2464
0.988063	47.2668
0.988465	47.2872
0.988601	47.3076
0.988422	47.328
0.987683	47.3484
0.986661	47.3688
0.985257	47.3892
0.983723	47.4096
0.981896	47.43
0.979798	47.4504
0.977447	47.4708
0.974814	47.4912
0.971991	47.5116
0.969037	47.532
0.965934	47.5524
0.962668	47.5728
0.95904	47.5932
0.95507	47.6136
0.95112	47.634
0.947098	47.6544
0.943019	47.6748
0.939121	47.6952
0.935205	47.7156
0.931419	47.736
0.92784	47.7564
0.924422	47.7768
0.920941	47.7972
0.911692	47.8176
0.890992	47.838
0.855588	47.8584
0.803489	47.8788
0.733933	47.8992
0.648248	47.9196
0.5493	47.94
0.441641	47.9604
0.33066	47.9808
0.223135	48.0012
0.130283	48.0216
0.062236	48.042
0.025524	48.0624
0.02344	48.0828
0.05617	48.1032
0.120693	48.1236
0.210774	48.144
0.316868	48.1644
0.427753	48.1848
0.536332	48.2052
0.636783	48.2256
0.724493	48.246
0.796258	48.2664
0.850738	48.2868
0.888376	48.3072
0.911044	48.3276
0.921949	48.348
0.926124	48.3684
0.929378	48.3888
0.932537	48.4092
0.935772	48.4296
0.9391	48.45
0.942524	48.4704
0.946212	48.4908
0.950019	48.5112
0.953799	48.5316
0.957624	48.552
0.961303	48.5724
0.965113	48.5928
0.968948	48.6132
0.972685	48.6336
0.976266	48.654
0.979636	48.6744
0.98261	48.6948
0.985174	48.7152
0.987396	48.7356
0.989416	48.756
0.991178	48.7764
0.992396	48.7968
0.993172	48.8172
0.993268	48.8376
0.992912	48.858
0.992243	48.8784
0.991156	48.8988
0.989768	48.9192
0.988142	48.9396
0.986028	48.96
0.983714	48.9804
0.981258	49.0008
0.978708	49.0212
0.976325	49.0416
0.973941	49.062
0.971398	49.0824
0.968912	49.1028
0.966394	49.1232
0.963923	49.1436
0.961567	49.164
0.959034	49.1844
0.955812	49.2048
0.951506	49.2252
0.945966	49.2456
0.939073	49.266
0.930982	49.2864
0.921712	49.3068
0.911572	49.3272
0.90104	49.3476
0.890701	49.368
0.881309	49.3884
0.87379	49.4088
0.869003	49.4292
0.867166	49.4496
0.868377	49.47
0.872536	49.4904
0.879385	49.5108
0.888437	49.5312
0.898625	49.5516
0.909043	49.572
0.919223	49.5924
0.928644	49.6128
0.936955	49.6332
0.944087	49.6536
0.950051	49.674
0.954844	49.6944
0.958603	49.7148
0.961588	49.7352
0.964151	49.7556
0.9667	49.776
0.969234	49.7964
0.971699	49.8168
0.974186	49.8372
0.976577	49.8576
0.978811	49.878
0.981005	49.8984
0.983101	49.9188
0.985024	49.9392
0.986775	49.9596
0.988309	49.98
0.989431	50.0004
0.990495	50.0208
0.991069	50.0412
0.991299	50.0616
0.991132	50.082
0.990458	50.1024
0.989383	50.1228
0.987927	50.1432
0.986363	50.1636
0.984602	50.184
0.982583	50.2044
0.980121	50.2248
0.976923	50.2452
0.973581	50.2656
0.970168	50.286
0.966665	50.3064
0.963055	50.3268
0.958821	50.3472
0.95438	50.3676
0.949789	50.388
0.945232	50.4084
0.940476	50.4288
0.936358	50.4492
0.932127	50.4696
0.92796	50.49
0.923977	50.5104
0.919525	50.5308
0.909512	50.5512
0.888259	50.5716
0.852277	50.592
0.79957	50.6124
0.729987	50.6328
0.644278	50.6532
0.545574	50.6736
0.438214	50.694
0.327576	50.7144
0.220574	50.7348
0.128599	50.7552
0.061361	50.7756
0.025505	50.796
0.02431	50.8164
0.057862	50.8368
0.123242	50.8572
0.214171	50.8776
0.321058	50.898
0.432533	50.9184
0.541472	50.9388
0.64203	50.9592
0.729616	50.9796
0.801192	51
0.855336	51.0204
0.89239	51.0408
0.914574	51.0612
0.924972	51.0816
0.928661	51.102
0.931491	51.1224
0.934417	51.1428
0.937589	51.1632
0.940973	51.1836
0.944465	51.204
0.94826	51.2244
0.952046	51.2448
0.955504	51.2652
0.958893	51.2856
0.962209	51.306
0.965597	51.3264
0.968839	51.3468
0.971953	51.3672
0.9748	51.3876
0.977341	51.408
0.979559	51.4284
0.981616	51.4488
0.983457	51.4692
0.98488	51.4896
0.986007	51.51
0.98665	51.5304
0.986931	51.5508
0.986814	51.5712
0.98642	51.5916
0.98579	51.612
0.984782	51.6324
0.983396	51.6528
0.981742	51.6732
0.979982	51.6936
0.977949	51.714
0.975819	51.7344
0.973556	51.7548
0.971128	51.7752
0.968578	51.7956
0.966005	51.816
0.963559	51.8364
0.961118	51.8568
0.958583	51.8772
0.956036	51.8976
0.953622	51.918
0.951098	51.9384
0.947903	51.9588
0.943681	51.9792
0.93826	51.9996
0.931558	52.02
0.923446	52.0404
0.914237	52.0608
0.904216	52.0812
0.893627	52.1016
0.883713	52.122
0.875161	52.1424
0.870563	52.1628
0.870381	52.1832
0.874077	52.2036
0.879874	52.224
0.887324	52.2444
0.896397	52.2648
0.906736	52.2852
0.918129	52.3056
0.929268	52.326
0.939628	52.3464
0.947174	52.3668
0.951882	52.3872
0.954458	52.4076
0.956685	52.428
0.959026	52.4484
0.961449	52.4688
0.963997	52.4892
0.966557	52.5096
0.969129	52.53
0.971652	52.5504
0.974194	52.5708
0.976589	52.5912
0.978758	52.6116
0.980683	52.632
0.982387	52.6524
0.983833	52.6728
0.98498	52.6932
0.985834	52.7136
0.98639	52.734
0.98651	52.7544
0.986105	52.7748
0.985204	52.7952
0.983978	52.8156
0.982345	52.836
0.980347	52.8564
0.977846	52.8768
0.974766	52.8972
0.971267	52.9176
0.967348	52.938
0.963363	52.9584
0.959367	52.9788
0.955305	52.9992
0.951244	53.0196
0.947299	53.04
0.94339	53.0604
0.939553	53.0808
0.93601	53.1012
0.93249	53.1216
0.929165	53.142
0.925951	53.1624
0.922901	53.1828
0.919142	53.2032
0.897591	53.2236
0.861061	53.244
0.807751	53.2644
0.73735	53.2848
0.651025	53.3052
0.551784	53.3256
0.443992	53.346
0.333038	53.3664
0.233511	53.3868
0.148187	53.4072
0.09713	53.4276
0.078695	53.448
0.094446	53.4684
0.142909	53.4888
0.22635	53.5092
0.324354	53.5296
0.431465	53.55
0.542223	53.5704
0.641991	53.5908
0.728953	53.6112
0.80009	53.6316
0.854144	53.652
0.8914	53.6724
0.913864	53.6928
0.917895	53.7132
0.921112	53.7336
0.924352	53.754
0.927703	53.7744
0.931308	53.7948
0.935037	53.8152
0.938841	53.8356
0.942673	53.856
0.94663	53.8764
0.950527	53.8968
0.954811	53.9172
0.959029	53.9376
0.963179	53.958
0.967102	53.9784
0.970663	53.9988
0.973997	54.0192
0.977057	54.0396
0.980003	54.06
0.98257	54.0804
0.984828	54.1008
0.98637	54.1212
0.987505	54.1416
0.988312	54.162
0.988966	54.1824
0.989405	54.2028
0.98958	54.2232
0.989409	54.2436
0.988879	54.264
0.988066	54.2844
0.986974	54.3048
0.985677	54.3252
0.984159	54.3456
0.982417	54.366
0.980465	54.3864
0.978091	54.4068
0.975566	54.4272
0.972988	54.4476
0.970378	54.468
0.967806	54.4884
0.965156	54.5088
0.962521	54.5292
0.959793	54.5496
0.956406	54.57
0.952033	54.5904
0.946811	54.6108
0.940217	54.6312
0.932268	54.6516
0.923182	54.672
0.913129	54.6924
0.902738	54.7128
0.892459	54.7332
0.883001	54.7536
0.875535	54.774
0.870826	54.7944
0.868986	54.8148
0.870245	54.8352
0.87447	54.8556
0.88133	54.876
0.890329	54.8964
0.90044	54.9168
0.910787	54.9372
0.920709	54.9576
0.929794	54.978
0.937519	54.9984
0.943922	55.0188
0.949127	55.0392
0.953194	55.0596
0.956268	55.08
0.95856	55.1004
0.960637	55.1208
0.96297	55.1412
0.965573	55.1616
0.968267	55.182
0.970996	55.2024
0.97371	55.2228
0.976321	55.2432
0.978843	55.2636
0.981119	55.284
0.983324	55.3044
0.98545	55.3248
0.98721	55.3452
0.98867	55.3656
0.9898	55.386
0.990676	55.4064
0.991244	55.4268
0.99157	55.4472
0.991393	55.4676
0.990947	55.488
0.990146	55.5084
0.988909	55.5288
0.987319	55.5492
0.985381	55.5696
0.983202	55.59
0.980753	55.6104
0.977899	55.6308
0.974841	55.6512
0.971535	55.6716
0.967985	55.692
0.964291	55.7124
0.960471	55.7328
0.956594	55.7532
0.952713	55.7736
0.948862	55.794
0.94491	55.8144
0.941139	55.8348
0.937224	55.8552
0.933634	55.8756
0.93016	55.896
0.926908	55.9164
0.923799	55.9368
0.920222	55.9572
0.910546	55.9776
0.889343	55.998
0.853374	56.0184
0.783165	56.0388
0.697046	56.0592
0.597918	56.0796
0.490268	56.1
0.379413	56.1204
0.271688	56.1408
0.173378	56.1612
0.094722	56.1816
0.044049	56.202
0.026105	56.2224
0.059853	56.2428
0.125188	56.2632
0.215762	56.2836
0.322134	56.304
0.432951	56.3244
0.541175	56.3448
0.641072	56.3652
0.728082	56.3856
0.799167	56.406
0.852959	56.4264
0.889871	56.4468
0.911845	56.4672
0.922175	56.4876
0.925863	56.508
0.928858	56.5284
0.931859	56.5488
0.935004	56.5692
0.938261	56.5896
0.941595	56.61
0.945013	56.6304
0.948499	56.6508
0.952012	56.6712
0.955527	56.6916
0.959053	56.712
0.962941	56.7324
0.966304	56.7528
0.969537	56.7732
0.972578	56.7936
0.97545	56.814
0.97809	56.8344
0.980494	56.8548
0.982639	56.8752
0.984576	56.8956
0.986261	56.916
0.987159	56.9364
0.988228	56.9568
0.988972	56.9772
0.989458	56.9976
0.989612	57.018
0.989494	57.0384
0.989185	57.0588
0.988572	57.0792
0.987556	57.0996
0.986242	57.12
0.984777	57.1404
0.983068	57.1608
0.981146	57.1812
0.97901	57.2016
0.976509	57.222
0.97401	57.2424
0.971365	57.2628
0.968613	57.2832
0.965921	57.3036
0.963466	57.324
0.961076	57.3444
0.958546	57.3648
0.955406	57.3852
0.951162	57.4056
0.945938	57.426
0.939278	57.4464
0.931419	57.4668
0.922571	57.4872
0.912948	57.5076
0.902632	57.528
0.892197	57.5484
0.882635	57.5688
0.87498	57.5892
0.870031	57.6096
0.868127	57.63
0.869336	57.6504
0.873519	57.6708
0.880387	57.6912
0.889251	57.7116
0.899207	57.732
0.909552	57.7524
0.919633	57.7728
0.928987	57.7932
0.937237	57.8136
0.944142	57.834
0.949749	57.8544
0.954108	57.8748
0.957591	57.8952
0.960389	57.9156
0.962972	57.936
0.965675	57.9564
0.968435	57.9768
0.971047	57.9972
0.973685	58.0176
0.976345	58.038
0.978926	58.0584
0.981335	58.0788
0.983302	58.0992
0.985034	58.1196
0.986657	58.14
0.98805	58.1604
0.989221	58.1808
0.990154	58.2012
0.99072	58.2216
0.99089	58.242
0.990709	58.2624
0.99021	58.2828
0.989363	58.3032
0.98825	58.3236
0.986836	58.344
0.985107	58.3644
0.982968	58.3848
0.98057	58.4052
0.97786	58.4256
0.974892	58.446
0.971722	58.4664
0.96829	58.4868
0.964724	58.5072
0.961002	58.5276
0.957079	58.548
0.952969	58.5684
0.948605	58.5888
0.944183	58.6092
0.939759	58.6296
0.935502	58.65
0.931432	58.6704
0.92761	58.6908
0.923864	58.7112
0.920188	58.7316
0.909548	58.752
0.887568	58.7724
0.851158	58.7928
0.798122	58.8132
0.728149	58.8336
0.642256	58.854
0.543398	58.8744
0.436	58.8948
0.328667	58.9152
0.230215	58.9356
0.152245	58.956
0.102292	58.9764
0.084886	58.9968
0.101659	59.0172
0.16311	59.0376
0.247545	59.058
0.346187	59.0784
0.453924	59.0988
0.562193	59.1192
0.662065	59.1396
0.749192	59.16
0.82038	59.1804
0.874416	59.2008
0.911604	59.2212
0.921744	59.2416
0.925346	59.262
0.928262	59.2824
0.931274	59.3028
0.934316	59.3232
0.937606	59.3436
0.940928	59.364
0.944373	59.3844
0.947877	59.4048
0.951491	59.4252
0.955497	59.4456
0.95951	59.466
0.9634	59.4864
0.967237	59.5068
0.970928	59.5272
0.974387	59.5476
0.977665	59.568
0.980611	59.5884
0.983287	59.6088
0.985594	59.6292
0.987292	59.6496
0.988678	59.67
0.989815	59.6904
0.990484	59.7108
0.990888	59.7312
0.99093	59.7516
0.990598	59.772
0.99012	59.7924
0.98933	59.8128
0.988299	59.8332
0.987014	59.8536
0.985548	59.874
0.983887	59.8944
0.982022	59.9148
0.979966	59.9352
0.977788	59.9556
0.975469	59.976
0.973103	59.9964
0.970689	60.0168
0.968185	60.0372
0.965607	60.0576
0.963169	60.078
0.960736	60.0984
0.957341	60.1188
0.952881	60.1392
0.947109	60.1596
0.940097	60.18
0.931627	60.2004
0.922078	60.2208
0.911727	60.2412
0.900972	60.2616
0.890139	60.282
0.879854	60.3024
0.871857	60.3228
0.866538	60.3432
0.864277	60.3636
0.865199	60.384
0.86926	60.4044
0.875964	60.4248
0.884742	60.4452
0.894518	60.4656
0.904646	60.486
0.914615	60.5064
0.923793	60.5268
0.931776	60.5472
0.938486	60.5676
0.943481	60.588
0.947057	60.6084
0.949462	60.6288
0.951203	60.6492
0.952763	60.6696
0.954394	60.69
0.955872	60.7104
0.957238	60.7308
0.958651	60.7512
0.959966	60.7716
0.961535	60.792
0.963008	60.8124
0.96446	60.8328
0.96553	60.8532
0.966494	60.8736
0.967021	60.894
0.9674	60.9144
0.967586	60.9348
0.967436	60.9552
0.96693	60.9756
0.965919	60.996
0.964568	61.0164
0.962798	61.0368
0.96086	61.0572
0.958576	61.0776
0.956058	61.098
0.953105	61.1184
0.949832	61.1388
0.892332	61.1592
0.852166	61.1796
